SHORTEST_QUEUE

 Time: 1
Waiting Clients:
(7, 2, 4) (23, 2, 5) (31, 2, 6) (40, 3, 4) (26, 4, 2) (8, 5, 4) (2, 6, 4) (9, 6, 4) (11, 7, 5) (20, 7, 2) (34, 7, 4) (35, 7, 4) (41, 8, 3) (44, 8, 5) (14, 9, 1) (37, 9, 4) (28, 10, 1) (19, 11, 5) (22, 11, 4) (50, 13, 6) (38, 14, 4) (25, 15, 3) (15, 17, 2) (36, 18, 6) (39, 19, 4) (46, 19, 6) (24, 20, 5) (4, 22, 1) (42, 24, 5) (5, 25, 2) (10, 25, 5) (45, 25, 3) (30, 26, 4) (43, 26, 3) (48, 28, 4) (1, 30, 2) (13, 31, 2) (27, 31, 6) (49, 32, 1) (21, 33, 3) (12, 34, 2) (17, 34, 3) (18, 34, 1) (3, 37, 6) (6, 37, 6) (32, 37, 2) (29, 38, 2) (47, 38, 2) (16, 39, 1) (33, 39, 1) 
Queue 1: closed
Queue 2: closed
Queue 3: closed
Queue 4: closed
Queue 5: closed


 Time: 2
Waiting Clients:
(40, 3, 4) (26, 4, 2) (8, 5, 4) (2, 6, 4) (9, 6, 4) (11, 7, 5) (20, 7, 2) (34, 7, 4) (35, 7, 4) (41, 8, 3) (44, 8, 5) (14, 9, 1) (37, 9, 4) (28, 10, 1) (19, 11, 5) (22, 11, 4) (50, 13, 6) (38, 14, 4) (25, 15, 3) (15, 17, 2) (36, 18, 6) (39, 19, 4) (46, 19, 6) (24, 20, 5) (4, 22, 1) (42, 24, 5) (5, 25, 2) (10, 25, 5) (45, 25, 3) (30, 26, 4) (43, 26, 3) (48, 28, 4) (1, 30, 2) (13, 31, 2) (27, 31, 6) (49, 32, 1) (21, 33, 3) (12, 34, 2) (17, 34, 3) (18, 34, 1) (3, 37, 6) (6, 37, 6) (32, 37, 2) (29, 38, 2) (47, 38, 2) (16, 39, 1) (33, 39, 1) 
Queue 1: (7, 2, 4) 
Queue 2: (23, 2, 5) 
Queue 3: (31, 2, 6) 
Queue 4: closed
Queue 5: closed


 Time: 3
Waiting Clients:
(26, 4, 2) (8, 5, 4) (2, 6, 4) (9, 6, 4) (11, 7, 5) (20, 7, 2) (34, 7, 4) (35, 7, 4) (41, 8, 3) (44, 8, 5) (14, 9, 1) (37, 9, 4) (28, 10, 1) (19, 11, 5) (22, 11, 4) (50, 13, 6) (38, 14, 4) (25, 15, 3) (15, 17, 2) (36, 18, 6) (39, 19, 4) (46, 19, 6) (24, 20, 5) (4, 22, 1) (42, 24, 5) (5, 25, 2) (10, 25, 5) (45, 25, 3) (30, 26, 4) (43, 26, 3) (48, 28, 4) (1, 30, 2) (13, 31, 2) (27, 31, 6) (49, 32, 1) (21, 33, 3) (12, 34, 2) (17, 34, 3) (18, 34, 1) (3, 37, 6) (6, 37, 6) (32, 37, 2) (29, 38, 2) (47, 38, 2) (16, 39, 1) (33, 39, 1) 
Queue 1: (7, 2, 3) 
Queue 2: (23, 2, 4) 
Queue 3: (31, 2, 5) 
Queue 4: (40, 3, 4) 
Queue 5: closed


 Time: 4
Waiting Clients:
(8, 5, 4) (2, 6, 4) (9, 6, 4) (11, 7, 5) (20, 7, 2) (34, 7, 4) (35, 7, 4) (41, 8, 3) (44, 8, 5) (14, 9, 1) (37, 9, 4) (28, 10, 1) (19, 11, 5) (22, 11, 4) (50, 13, 6) (38, 14, 4) (25, 15, 3) (15, 17, 2) (36, 18, 6) (39, 19, 4) (46, 19, 6) (24, 20, 5) (4, 22, 1) (42, 24, 5) (5, 25, 2) (10, 25, 5) (45, 25, 3) (30, 26, 4) (43, 26, 3) (48, 28, 4) (1, 30, 2) (13, 31, 2) (27, 31, 6) (49, 32, 1) (21, 33, 3) (12, 34, 2) (17, 34, 3) (18, 34, 1) (3, 37, 6) (6, 37, 6) (32, 37, 2) (29, 38, 2) (47, 38, 2) (16, 39, 1) (33, 39, 1) 
Queue 1: (7, 2, 2) 
Queue 2: (23, 2, 3) 
Queue 3: (31, 2, 4) 
Queue 4: (40, 3, 3) 
Queue 5: (26, 4, 2) 


 Time: 5
Waiting Clients:
(2, 6, 4) (9, 6, 4) (11, 7, 5) (20, 7, 2) (34, 7, 4) (35, 7, 4) (41, 8, 3) (44, 8, 5) (14, 9, 1) (37, 9, 4) (28, 10, 1) (19, 11, 5) (22, 11, 4) (50, 13, 6) (38, 14, 4) (25, 15, 3) (15, 17, 2) (36, 18, 6) (39, 19, 4) (46, 19, 6) (24, 20, 5) (4, 22, 1) (42, 24, 5) (5, 25, 2) (10, 25, 5) (45, 25, 3) (30, 26, 4) (43, 26, 3) (48, 28, 4) (1, 30, 2) (13, 31, 2) (27, 31, 6) (49, 32, 1) (21, 33, 3) (12, 34, 2) (17, 34, 3) (18, 34, 1) (3, 37, 6) (6, 37, 6) (32, 37, 2) (29, 38, 2) (47, 38, 2) (16, 39, 1) (33, 39, 1) 
Queue 1: (7, 2, 1) (8, 5, 5) 
Queue 2: (23, 2, 2) 
Queue 3: (31, 2, 3) 
Queue 4: (40, 3, 2) 
Queue 5: (26, 4, 1) 


 Time: 6
Waiting Clients:
(11, 7, 5) (20, 7, 2) (34, 7, 4) (35, 7, 4) (41, 8, 3) (44, 8, 5) (14, 9, 1) (37, 9, 4) (28, 10, 1) (19, 11, 5) (22, 11, 4) (50, 13, 6) (38, 14, 4) (25, 15, 3) (15, 17, 2) (36, 18, 6) (39, 19, 4) (46, 19, 6) (24, 20, 5) (4, 22, 1) (42, 24, 5) (5, 25, 2) (10, 25, 5) (45, 25, 3) (30, 26, 4) (43, 26, 3) (48, 28, 4) (1, 30, 2) (13, 31, 2) (27, 31, 6) (49, 32, 1) (21, 33, 3) (12, 34, 2) (17, 34, 3) (18, 34, 1) (3, 37, 6) (6, 37, 6) (32, 37, 2) (29, 38, 2) (47, 38, 2) (16, 39, 1) (33, 39, 1) 
Queue 1: (8, 5, 5) 
Queue 2: (23, 2, 1) (2, 6, 5) 
Queue 3: (31, 2, 2) (9, 6, 5) 
Queue 4: (40, 3, 1) 
Queue 5: closed


 Time: 7
Waiting Clients:
(41, 8, 3) (44, 8, 5) (14, 9, 1) (37, 9, 4) (28, 10, 1) (19, 11, 5) (22, 11, 4) (50, 13, 6) (38, 14, 4) (25, 15, 3) (15, 17, 2) (36, 18, 6) (39, 19, 4) (46, 19, 6) (24, 20, 5) (4, 22, 1) (42, 24, 5) (5, 25, 2) (10, 25, 5) (45, 25, 3) (30, 26, 4) (43, 26, 3) (48, 28, 4) (1, 30, 2) (13, 31, 2) (27, 31, 6) (49, 32, 1) (21, 33, 3) (12, 34, 2) (17, 34, 3) (18, 34, 1) (3, 37, 6) (6, 37, 6) (32, 37, 2) (29, 38, 2) (47, 38, 2) (16, 39, 1) (33, 39, 1) 
Queue 1: (8, 5, 4) (20, 7, 3) 
Queue 2: (2, 6, 5) 
Queue 3: (31, 2, 1) (9, 6, 5) 
Queue 4: (34, 7, 5) 
Queue 5: (11, 7, 5) (35, 7, 5) 


 Time: 8
Waiting Clients:
(14, 9, 1) (37, 9, 4) (28, 10, 1) (19, 11, 5) (22, 11, 4) (50, 13, 6) (38, 14, 4) (25, 15, 3) (15, 17, 2) (36, 18, 6) (39, 19, 4) (46, 19, 6) (24, 20, 5) (4, 22, 1) (42, 24, 5) (5, 25, 2) (10, 25, 5) (45, 25, 3) (30, 26, 4) (43, 26, 3) (48, 28, 4) (1, 30, 2) (13, 31, 2) (27, 31, 6) (49, 32, 1) (21, 33, 3) (12, 34, 2) (17, 34, 3) (18, 34, 1) (3, 37, 6) (6, 37, 6) (32, 37, 2) (29, 38, 2) (47, 38, 2) (16, 39, 1) (33, 39, 1) 
Queue 1: (8, 5, 3) (20, 7, 3) 
Queue 2: (2, 6, 4) (41, 8, 4) 
Queue 3: (9, 6, 5) 
Queue 4: (34, 7, 4) (44, 8, 6) 
Queue 5: (11, 7, 4) (35, 7, 5) 


 Time: 9
Waiting Clients:
(28, 10, 1) (19, 11, 5) (22, 11, 4) (50, 13, 6) (38, 14, 4) (25, 15, 3) (15, 17, 2) (36, 18, 6) (39, 19, 4) (46, 19, 6) (24, 20, 5) (4, 22, 1) (42, 24, 5) (5, 25, 2) (10, 25, 5) (45, 25, 3) (30, 26, 4) (43, 26, 3) (48, 28, 4) (1, 30, 2) (13, 31, 2) (27, 31, 6) (49, 32, 1) (21, 33, 3) (12, 34, 2) (17, 34, 3) (18, 34, 1) (3, 37, 6) (6, 37, 6) (32, 37, 2) (29, 38, 2) (47, 38, 2) (16, 39, 1) (33, 39, 1) 
Queue 1: (8, 5, 2) (20, 7, 3) (37, 9, 5) 
Queue 2: (2, 6, 3) (41, 8, 4) 
Queue 3: (9, 6, 4) (14, 9, 2) 
Queue 4: (34, 7, 3) (44, 8, 6) 
Queue 5: (11, 7, 3) (35, 7, 5) 


 Time: 10
Waiting Clients:
(19, 11, 5) (22, 11, 4) (50, 13, 6) (38, 14, 4) (25, 15, 3) (15, 17, 2) (36, 18, 6) (39, 19, 4) (46, 19, 6) (24, 20, 5) (4, 22, 1) (42, 24, 5) (5, 25, 2) (10, 25, 5) (45, 25, 3) (30, 26, 4) (43, 26, 3) (48, 28, 4) (1, 30, 2) (13, 31, 2) (27, 31, 6) (49, 32, 1) (21, 33, 3) (12, 34, 2) (17, 34, 3) (18, 34, 1) (3, 37, 6) (6, 37, 6) (32, 37, 2) (29, 38, 2) (47, 38, 2) (16, 39, 1) (33, 39, 1) 
Queue 1: (8, 5, 1) (20, 7, 3) (37, 9, 5) 
Queue 2: (2, 6, 2) (41, 8, 4) (28, 10, 2) 
Queue 3: (9, 6, 3) (14, 9, 2) 
Queue 4: (34, 7, 2) (44, 8, 6) 
Queue 5: (11, 7, 2) (35, 7, 5) 


 Time: 11
Waiting Clients:
(50, 13, 6) (38, 14, 4) (25, 15, 3) (15, 17, 2) (36, 18, 6) (39, 19, 4) (46, 19, 6) (24, 20, 5) (4, 22, 1) (42, 24, 5) (5, 25, 2) (10, 25, 5) (45, 25, 3) (30, 26, 4) (43, 26, 3) (48, 28, 4) (1, 30, 2) (13, 31, 2) (27, 31, 6) (49, 32, 1) (21, 33, 3) (12, 34, 2) (17, 34, 3) (18, 34, 1) (3, 37, 6) (6, 37, 6) (32, 37, 2) (29, 38, 2) (47, 38, 2) (16, 39, 1) (33, 39, 1) 
Queue 1: (20, 7, 3) (37, 9, 5) 
Queue 2: (2, 6, 1) (41, 8, 4) (28, 10, 2) 
Queue 3: (9, 6, 2) (14, 9, 2) (19, 11, 6) 
Queue 4: (34, 7, 1) (44, 8, 6) (22, 11, 5) 
Queue 5: (11, 7, 1) (35, 7, 5) 


 Time: 12
Waiting Clients:
(50, 13, 6) (38, 14, 4) (25, 15, 3) (15, 17, 2) (36, 18, 6) (39, 19, 4) (46, 19, 6) (24, 20, 5) (4, 22, 1) (42, 24, 5) (5, 25, 2) (10, 25, 5) (45, 25, 3) (30, 26, 4) (43, 26, 3) (48, 28, 4) (1, 30, 2) (13, 31, 2) (27, 31, 6) (49, 32, 1) (21, 33, 3) (12, 34, 2) (17, 34, 3) (18, 34, 1) (3, 37, 6) (6, 37, 6) (32, 37, 2) (29, 38, 2) (47, 38, 2) (16, 39, 1) (33, 39, 1) 
Queue 1: (20, 7, 2) (37, 9, 5) 
Queue 2: (41, 8, 4) (28, 10, 2) 
Queue 3: (9, 6, 1) (14, 9, 2) (19, 11, 6) 
Queue 4: (44, 8, 6) (22, 11, 5) 
Queue 5: (35, 7, 5) 


 Time: 13
Waiting Clients:
(38, 14, 4) (25, 15, 3) (15, 17, 2) (36, 18, 6) (39, 19, 4) (46, 19, 6) (24, 20, 5) (4, 22, 1) (42, 24, 5) (5, 25, 2) (10, 25, 5) (45, 25, 3) (30, 26, 4) (43, 26, 3) (48, 28, 4) (1, 30, 2) (13, 31, 2) (27, 31, 6) (49, 32, 1) (21, 33, 3) (12, 34, 2) (17, 34, 3) (18, 34, 1) (3, 37, 6) (6, 37, 6) (32, 37, 2) (29, 38, 2) (47, 38, 2) (16, 39, 1) (33, 39, 1) 
Queue 1: (20, 7, 1) (37, 9, 5) 
Queue 2: (41, 8, 3) (28, 10, 2) 
Queue 3: (14, 9, 2) (19, 11, 6) 
Queue 4: (44, 8, 5) (22, 11, 5) 
Queue 5: (35, 7, 4) (50, 13, 7) 


 Time: 14
Waiting Clients:
(25, 15, 3) (15, 17, 2) (36, 18, 6) (39, 19, 4) (46, 19, 6) (24, 20, 5) (4, 22, 1) (42, 24, 5) (5, 25, 2) (10, 25, 5) (45, 25, 3) (30, 26, 4) (43, 26, 3) (48, 28, 4) (1, 30, 2) (13, 31, 2) (27, 31, 6) (49, 32, 1) (21, 33, 3) (12, 34, 2) (17, 34, 3) (18, 34, 1) (3, 37, 6) (6, 37, 6) (32, 37, 2) (29, 38, 2) (47, 38, 2) (16, 39, 1) (33, 39, 1) 
Queue 1: (37, 9, 5) (38, 14, 5) 
Queue 2: (41, 8, 2) (28, 10, 2) 
Queue 3: (14, 9, 1) (19, 11, 6) 
Queue 4: (44, 8, 4) (22, 11, 5) 
Queue 5: (35, 7, 3) (50, 13, 7) 


 Time: 15
Waiting Clients:
(15, 17, 2) (36, 18, 6) (39, 19, 4) (46, 19, 6) (24, 20, 5) (4, 22, 1) (42, 24, 5) (5, 25, 2) (10, 25, 5) (45, 25, 3) (30, 26, 4) (43, 26, 3) (48, 28, 4) (1, 30, 2) (13, 31, 2) (27, 31, 6) (49, 32, 1) (21, 33, 3) (12, 34, 2) (17, 34, 3) (18, 34, 1) (3, 37, 6) (6, 37, 6) (32, 37, 2) (29, 38, 2) (47, 38, 2) (16, 39, 1) (33, 39, 1) 
Queue 1: (37, 9, 4) (38, 14, 5) (25, 15, 4) 
Queue 2: (41, 8, 1) (28, 10, 2) 
Queue 3: (19, 11, 6) 
Queue 4: (44, 8, 3) (22, 11, 5) 
Queue 5: (35, 7, 2) (50, 13, 7) 


 Time: 16
Waiting Clients:
(15, 17, 2) (36, 18, 6) (39, 19, 4) (46, 19, 6) (24, 20, 5) (4, 22, 1) (42, 24, 5) (5, 25, 2) (10, 25, 5) (45, 25, 3) (30, 26, 4) (43, 26, 3) (48, 28, 4) (1, 30, 2) (13, 31, 2) (27, 31, 6) (49, 32, 1) (21, 33, 3) (12, 34, 2) (17, 34, 3) (18, 34, 1) (3, 37, 6) (6, 37, 6) (32, 37, 2) (29, 38, 2) (47, 38, 2) (16, 39, 1) (33, 39, 1) 
Queue 1: (37, 9, 3) (38, 14, 5) (25, 15, 4) 
Queue 2: (28, 10, 2) 
Queue 3: (19, 11, 5) 
Queue 4: (44, 8, 2) (22, 11, 5) 
Queue 5: (35, 7, 1) (50, 13, 7) 


 Time: 17
Waiting Clients:
(36, 18, 6) (39, 19, 4) (46, 19, 6) (24, 20, 5) (4, 22, 1) (42, 24, 5) (5, 25, 2) (10, 25, 5) (45, 25, 3) (30, 26, 4) (43, 26, 3) (48, 28, 4) (1, 30, 2) (13, 31, 2) (27, 31, 6) (49, 32, 1) (21, 33, 3) (12, 34, 2) (17, 34, 3) (18, 34, 1) (3, 37, 6) (6, 37, 6) (32, 37, 2) (29, 38, 2) (47, 38, 2) (16, 39, 1) (33, 39, 1) 
Queue 1: (37, 9, 2) (38, 14, 5) (25, 15, 4) 
Queue 2: (28, 10, 1) (15, 17, 3) 
Queue 3: (19, 11, 4) 
Queue 4: (44, 8, 1) (22, 11, 5) 
Queue 5: (50, 13, 7) 


 Time: 18
Waiting Clients:
(39, 19, 4) (46, 19, 6) (24, 20, 5) (4, 22, 1) (42, 24, 5) (5, 25, 2) (10, 25, 5) (45, 25, 3) (30, 26, 4) (43, 26, 3) (48, 28, 4) (1, 30, 2) (13, 31, 2) (27, 31, 6) (49, 32, 1) (21, 33, 3) (12, 34, 2) (17, 34, 3) (18, 34, 1) (3, 37, 6) (6, 37, 6) (32, 37, 2) (29, 38, 2) (47, 38, 2) (16, 39, 1) (33, 39, 1) 
Queue 1: (37, 9, 1) (38, 14, 5) (25, 15, 4) 
Queue 2: (15, 17, 3) 
Queue 3: (19, 11, 3) (36, 18, 7) 
Queue 4: (22, 11, 5) 
Queue 5: (50, 13, 6) 


 Time: 19
Waiting Clients:
(24, 20, 5) (4, 22, 1) (42, 24, 5) (5, 25, 2) (10, 25, 5) (45, 25, 3) (30, 26, 4) (43, 26, 3) (48, 28, 4) (1, 30, 2) (13, 31, 2) (27, 31, 6) (49, 32, 1) (21, 33, 3) (12, 34, 2) (17, 34, 3) (18, 34, 1) (3, 37, 6) (6, 37, 6) (32, 37, 2) (29, 38, 2) (47, 38, 2) (16, 39, 1) (33, 39, 1) 
Queue 1: (38, 14, 5) (25, 15, 4) 
Queue 2: (15, 17, 2) (39, 19, 5) 
Queue 3: (19, 11, 2) (36, 18, 7) 
Queue 4: (22, 11, 4) (46, 19, 7) 
Queue 5: (50, 13, 5) 


 Time: 20
Waiting Clients:
(4, 22, 1) (42, 24, 5) (5, 25, 2) (10, 25, 5) (45, 25, 3) (30, 26, 4) (43, 26, 3) (48, 28, 4) (1, 30, 2) (13, 31, 2) (27, 31, 6) (49, 32, 1) (21, 33, 3) (12, 34, 2) (17, 34, 3) (18, 34, 1) (3, 37, 6) (6, 37, 6) (32, 37, 2) (29, 38, 2) (47, 38, 2) (16, 39, 1) (33, 39, 1) 
Queue 1: (38, 14, 4) (25, 15, 4) 
Queue 2: (15, 17, 1) (39, 19, 5) 
Queue 3: (19, 11, 1) (36, 18, 7) 
Queue 4: (22, 11, 3) (46, 19, 7) 
Queue 5: (50, 13, 4) (24, 20, 6) 


 Time: 21
Waiting Clients:
(4, 22, 1) (42, 24, 5) (5, 25, 2) (10, 25, 5) (45, 25, 3) (30, 26, 4) (43, 26, 3) (48, 28, 4) (1, 30, 2) (13, 31, 2) (27, 31, 6) (49, 32, 1) (21, 33, 3) (12, 34, 2) (17, 34, 3) (18, 34, 1) (3, 37, 6) (6, 37, 6) (32, 37, 2) (29, 38, 2) (47, 38, 2) (16, 39, 1) (33, 39, 1) 
Queue 1: (38, 14, 3) (25, 15, 4) 
Queue 2: (39, 19, 5) 
Queue 3: (36, 18, 7) 
Queue 4: (22, 11, 2) (46, 19, 7) 
Queue 5: (50, 13, 3) (24, 20, 6) 


 Time: 22
Waiting Clients:
(42, 24, 5) (5, 25, 2) (10, 25, 5) (45, 25, 3) (30, 26, 4) (43, 26, 3) (48, 28, 4) (1, 30, 2) (13, 31, 2) (27, 31, 6) (49, 32, 1) (21, 33, 3) (12, 34, 2) (17, 34, 3) (18, 34, 1) (3, 37, 6) (6, 37, 6) (32, 37, 2) (29, 38, 2) (47, 38, 2) (16, 39, 1) (33, 39, 1) 
Queue 1: (38, 14, 2) (25, 15, 4) 
Queue 2: (39, 19, 4) (4, 22, 2) 
Queue 3: (36, 18, 6) 
Queue 4: (22, 11, 1) (46, 19, 7) 
Queue 5: (50, 13, 2) (24, 20, 6) 


 Time: 23
Waiting Clients:
(42, 24, 5) (5, 25, 2) (10, 25, 5) (45, 25, 3) (30, 26, 4) (43, 26, 3) (48, 28, 4) (1, 30, 2) (13, 31, 2) (27, 31, 6) (49, 32, 1) (21, 33, 3) (12, 34, 2) (17, 34, 3) (18, 34, 1) (3, 37, 6) (6, 37, 6) (32, 37, 2) (29, 38, 2) (47, 38, 2) (16, 39, 1) (33, 39, 1) 
Queue 1: (38, 14, 1) (25, 15, 4) 
Queue 2: (39, 19, 3) (4, 22, 2) 
Queue 3: (36, 18, 5) 
Queue 4: (46, 19, 7) 
Queue 5: (50, 13, 1) (24, 20, 6) 


 Time: 24
Waiting Clients:
(5, 25, 2) (10, 25, 5) (45, 25, 3) (30, 26, 4) (43, 26, 3) (48, 28, 4) (1, 30, 2) (13, 31, 2) (27, 31, 6) (49, 32, 1) (21, 33, 3) (12, 34, 2) (17, 34, 3) (18, 34, 1) (3, 37, 6) (6, 37, 6) (32, 37, 2) (29, 38, 2) (47, 38, 2) (16, 39, 1) (33, 39, 1) 
Queue 1: (25, 15, 4) 
Queue 2: (39, 19, 2) (4, 22, 2) 
Queue 3: (36, 18, 4) (42, 24, 6) 
Queue 4: (46, 19, 6) 
Queue 5: (24, 20, 6) 


 Time: 25
Waiting Clients:
(30, 26, 4) (43, 26, 3) (48, 28, 4) (1, 30, 2) (13, 31, 2) (27, 31, 6) (49, 32, 1) (21, 33, 3) (12, 34, 2) (17, 34, 3) (18, 34, 1) (3, 37, 6) (6, 37, 6) (32, 37, 2) (29, 38, 2) (47, 38, 2) (16, 39, 1) (33, 39, 1) 
Queue 1: (25, 15, 3) (5, 25, 3) 
Queue 2: (39, 19, 1) (4, 22, 2) 
Queue 3: (36, 18, 3) (42, 24, 6) 
Queue 4: (46, 19, 5) (10, 25, 6) 
Queue 5: (24, 20, 5) (45, 25, 4) 


 Time: 26
Waiting Clients:
(48, 28, 4) (1, 30, 2) (13, 31, 2) (27, 31, 6) (49, 32, 1) (21, 33, 3) (12, 34, 2) (17, 34, 3) (18, 34, 1) (3, 37, 6) (6, 37, 6) (32, 37, 2) (29, 38, 2) (47, 38, 2) (16, 39, 1) (33, 39, 1) 
Queue 1: (25, 15, 2) (5, 25, 3) (30, 26, 5) 
Queue 2: (4, 22, 2) (43, 26, 4) 
Queue 3: (36, 18, 2) (42, 24, 6) 
Queue 4: (46, 19, 4) (10, 25, 6) 
Queue 5: (24, 20, 4) (45, 25, 4) 


 Time: 27
Waiting Clients:
(48, 28, 4) (1, 30, 2) (13, 31, 2) (27, 31, 6) (49, 32, 1) (21, 33, 3) (12, 34, 2) (17, 34, 3) (18, 34, 1) (3, 37, 6) (6, 37, 6) (32, 37, 2) (29, 38, 2) (47, 38, 2) (16, 39, 1) (33, 39, 1) 
Queue 1: (25, 15, 1) (5, 25, 3) (30, 26, 5) 
Queue 2: (4, 22, 1) (43, 26, 4) 
Queue 3: (36, 18, 1) (42, 24, 6) 
Queue 4: (46, 19, 3) (10, 25, 6) 
Queue 5: (24, 20, 3) (45, 25, 4) 


 Time: 28
Waiting Clients:
(1, 30, 2) (13, 31, 2) (27, 31, 6) (49, 32, 1) (21, 33, 3) (12, 34, 2) (17, 34, 3) (18, 34, 1) (3, 37, 6) (6, 37, 6) (32, 37, 2) (29, 38, 2) (47, 38, 2) (16, 39, 1) (33, 39, 1) 
Queue 1: (5, 25, 3) (30, 26, 5) 
Queue 2: (43, 26, 4) (48, 28, 5) 
Queue 3: (42, 24, 6) 
Queue 4: (46, 19, 2) (10, 25, 6) 
Queue 5: (24, 20, 2) (45, 25, 4) 


 Time: 29
Waiting Clients:
(1, 30, 2) (13, 31, 2) (27, 31, 6) (49, 32, 1) (21, 33, 3) (12, 34, 2) (17, 34, 3) (18, 34, 1) (3, 37, 6) (6, 37, 6) (32, 37, 2) (29, 38, 2) (47, 38, 2) (16, 39, 1) (33, 39, 1) 
Queue 1: (5, 25, 2) (30, 26, 5) 
Queue 2: (43, 26, 3) (48, 28, 5) 
Queue 3: (42, 24, 5) 
Queue 4: (46, 19, 1) (10, 25, 6) 
Queue 5: (24, 20, 1) (45, 25, 4) 


 Time: 30
Waiting Clients:
(13, 31, 2) (27, 31, 6) (49, 32, 1) (21, 33, 3) (12, 34, 2) (17, 34, 3) (18, 34, 1) (3, 37, 6) (6, 37, 6) (32, 37, 2) (29, 38, 2) (47, 38, 2) (16, 39, 1) (33, 39, 1) 
Queue 1: (5, 25, 1) (30, 26, 5) 
Queue 2: (43, 26, 2) (48, 28, 5) 
Queue 3: (42, 24, 4) (1, 30, 3) 
Queue 4: (10, 25, 6) 
Queue 5: (45, 25, 4) 


 Time: 31
Waiting Clients:
(49, 32, 1) (21, 33, 3) (12, 34, 2) (17, 34, 3) (18, 34, 1) (3, 37, 6) (6, 37, 6) (32, 37, 2) (29, 38, 2) (47, 38, 2) (16, 39, 1) (33, 39, 1) 
Queue 1: (30, 26, 5) 
Queue 2: (43, 26, 1) (48, 28, 5) 
Queue 3: (42, 24, 3) (1, 30, 3) 
Queue 4: (10, 25, 5) (13, 31, 3) 
Queue 5: (45, 25, 3) (27, 31, 7) 


 Time: 32
Waiting Clients:
(21, 33, 3) (12, 34, 2) (17, 34, 3) (18, 34, 1) (3, 37, 6) (6, 37, 6) (32, 37, 2) (29, 38, 2) (47, 38, 2) (16, 39, 1) (33, 39, 1) 
Queue 1: (30, 26, 4) (49, 32, 2) 
Queue 2: (48, 28, 5) 
Queue 3: (42, 24, 2) (1, 30, 3) 
Queue 4: (10, 25, 4) (13, 31, 3) 
Queue 5: (45, 25, 2) (27, 31, 7) 


 Time: 33
Waiting Clients:
(12, 34, 2) (17, 34, 3) (18, 34, 1) (3, 37, 6) (6, 37, 6) (32, 37, 2) (29, 38, 2) (47, 38, 2) (16, 39, 1) (33, 39, 1) 
Queue 1: (30, 26, 3) (49, 32, 2) 
Queue 2: (48, 28, 4) (21, 33, 4) 
Queue 3: (42, 24, 1) (1, 30, 3) 
Queue 4: (10, 25, 3) (13, 31, 3) 
Queue 5: (45, 25, 1) (27, 31, 7) 


 Time: 34
Waiting Clients:
(3, 37, 6) (6, 37, 6) (32, 37, 2) (29, 38, 2) (47, 38, 2) (16, 39, 1) (33, 39, 1) 
Queue 1: (30, 26, 2) (49, 32, 2) (12, 34, 3) 
Queue 2: (48, 28, 3) (21, 33, 4) (17, 34, 4) 
Queue 3: (1, 30, 3) (18, 34, 2) 
Queue 4: (10, 25, 2) (13, 31, 3) 
Queue 5: (27, 31, 7) 


 Time: 35
Waiting Clients:
(3, 37, 6) (6, 37, 6) (32, 37, 2) (29, 38, 2) (47, 38, 2) (16, 39, 1) (33, 39, 1) 
Queue 1: (30, 26, 1) (49, 32, 2) (12, 34, 3) 
Queue 2: (48, 28, 2) (21, 33, 4) (17, 34, 4) 
Queue 3: (1, 30, 2) (18, 34, 2) 
Queue 4: (10, 25, 1) (13, 31, 3) 
Queue 5: (27, 31, 6) 


 Time: 36
Waiting Clients:
(3, 37, 6) (6, 37, 6) (32, 37, 2) (29, 38, 2) (47, 38, 2) (16, 39, 1) (33, 39, 1) 
Queue 1: (49, 32, 2) (12, 34, 3) 
Queue 2: (48, 28, 1) (21, 33, 4) (17, 34, 4) 
Queue 3: (1, 30, 1) (18, 34, 2) 
Queue 4: (13, 31, 3) 
Queue 5: (27, 31, 5) 


 Time: 37
Waiting Clients:
(29, 38, 2) (47, 38, 2) (16, 39, 1) (33, 39, 1) 
Queue 1: (49, 32, 1) (12, 34, 3) (32, 37, 3) 
Queue 2: (21, 33, 4) (17, 34, 4) 
Queue 3: (18, 34, 2) 
Queue 4: (13, 31, 2) (3, 37, 7) 
Queue 5: (27, 31, 4) (6, 37, 7) 


 Time: 38
Waiting Clients:
(16, 39, 1) (33, 39, 1) 
Queue 1: (12, 34, 3) (32, 37, 3) 
Queue 2: (21, 33, 3) (17, 34, 4) (47, 38, 3) 
Queue 3: (18, 34, 1) (29, 38, 3) 
Queue 4: (13, 31, 1) (3, 37, 7) 
Queue 5: (27, 31, 3) (6, 37, 7) 


 Time: 39
Waiting Clients:

Queue 1: (12, 34, 2) (32, 37, 3) (16, 39, 2) 
Queue 2: (21, 33, 2) (17, 34, 4) (47, 38, 3) 
Queue 3: (29, 38, 3) (33, 39, 2) 
Queue 4: (3, 37, 7) 
Queue 5: (27, 31, 2) (6, 37, 7) 


 Time: 40
Waiting Clients:

Queue 1: (12, 34, 1) (32, 37, 3) (16, 39, 2) 
Queue 2: (21, 33, 1) (17, 34, 4) (47, 38, 3) 
Queue 3: (29, 38, 2) (33, 39, 2) 
Queue 4: (3, 37, 6) 
Queue 5: (27, 31, 1) (6, 37, 7) 


 Time: 41
Waiting Clients:

Queue 1: (32, 37, 3) (16, 39, 2) 
Queue 2: (17, 34, 4) (47, 38, 3) 
Queue 3: (29, 38, 1) (33, 39, 2) 
Queue 4: (3, 37, 5) 
Queue 5: (6, 37, 7) 


 Time: 42
Waiting Clients:

Queue 1: (32, 37, 2) (16, 39, 2) 
Queue 2: (17, 34, 3) (47, 38, 3) 
Queue 3: (33, 39, 2) 
Queue 4: (3, 37, 4) 
Queue 5: (6, 37, 6) 


 Time: 43
Waiting Clients:

Queue 1: (32, 37, 1) (16, 39, 2) 
Queue 2: (17, 34, 2) (47, 38, 3) 
Queue 3: (33, 39, 1) 
Queue 4: (3, 37, 3) 
Queue 5: (6, 37, 5) 


 Time: 44
Waiting Clients:

Queue 1: (16, 39, 2) 
Queue 2: (17, 34, 1) (47, 38, 3) 
Queue 3: closed
Queue 4: (3, 37, 2) 
Queue 5: (6, 37, 4) 


 Time: 45
Waiting Clients:

Queue 1: (16, 39, 1) 
Queue 2: (47, 38, 3) 
Queue 3: closed
Queue 4: (3, 37, 1) 
Queue 5: (6, 37, 3) 


 Time: 46
Waiting Clients:

Queue 1: closed
Queue 2: (47, 38, 2) 
Queue 3: closed
Queue 4: closed
Queue 5: (6, 37, 2) 


 Time: 47
Waiting Clients:

Queue 1: closed
Queue 2: (47, 38, 1) 
Queue 3: closed
Queue 4: closed
Queue 5: (6, 37, 1) 


 Time: 48
Waiting Clients:

Queue 1: closed
Queue 2: closed
Queue 3: closed
Queue 4: closed
Queue 5: closed


End of Simulation